all_checkpoints = {
    "1": [[1,13],[2,13],[3,13],[4,13],[5,13],[6,13],[7,13]],
    "2": [[7,17],[7,18],[7,19],[7,20],[7,21],[7,22],[7,23],[7,24],[7,25]],
    "3": [[18,10],[18,11],[18,12],[18,13],[18,14],[18,15],[18,16],[18,17]],
    "4": [[34,2],[34,3],[34,4],[34,5],[34,6],[34,7],[34,8]],
    "5": [[35,13],[36,13],[37,13],[38,13]],
    "6": [[32,28],[33,28],[34,28],[35,28],[36,28],[37,28]],
    "7": [[28,28],[28,29],[28,30],[28,31],[28,32],[28,33],[28,34],[28,35],[28,36]],
    "8": [[15,28],[15,29],[15,30],[15,31],[15,32],[15,33],[15,34],[15,35],[15,36]],
    "9": [[9,28],[9,29],[9,30],[9,31],[9,32],[9,33],[9,34],[9,35],[9,36]],
    "10": [[1,42],[2,42],[3,42],[4,42],[5,42]],
    "11": [[1,58],[2,58],[3,58],[4,58],[5,58]],
    "12": [[7,59],[7,60],[7,61],[7,62],[7,63],[7,64],[7,65],[7,66],[7,67]],
    "13": [[16,68],[16,69],[16,70],[16,71],[16,72],[16,73],[16,74],[16,75],[16,76]],
    "14": [[22,68],[22,69],[22,70],[22,71],[22,72],[22,73],[22,74],[22,75],[22,76]],
    "15": [[29,61],[29,62],[29,63],[29,64],[29,65],[29,66],[29,67],[29,68],[29,69],[29,70],[29,71],[29,72]]
}